{
  "advancedEditorSelectedIdentifier" : "ProjectBrowser",
  "openSceneRelativePaths" : [
    "Immersive.usda",
    "Scene.usda",
    "block of skin.usda"
  ],
  "recentIdentifiers" : {
    "48DE6F3C-00CD-4583-9BFB-5F05C3B7476E" : [

    ],
    "AF09ED6F-1707-48FD-8720-65B998362C09" : [

    ]
  },
  "sceneCameraHistory" : {
    "0C90AA9D-BEE9-4F29-A535-F3FB7681927B" : [
      {
        "date" : 730134375.15154004,
        "title" : "Untitled",
        "transform" : [
          1,
          0,
          0,
          0,
          0,
          0.86602544784545898,
          -0.49999994039535522,
          0,
          0,
          0.49999994039535522,
          0.86602544784545898,
          0,
          -0.027021601796150208,
          0.14825272560119629,
          0.35012862086296082,
          1
        ]
      },
      {
        "date" : 730134369.177472,
        "title" : "Untitled",
        "transform" : [
          1,
          0,
          0,
          0,
          0,
          0.86602544784545898,
          -0.49999994039535522,
          0,
          0,
          0.49999994039535522,
          0.86602544784545898,
          0,
          0,
          0.18867331743240356,
          0.32679179310798645,
          1
        ]
      }
    ],
    "3CBC09A7-729F-4EB0-B347-F93252B48EC4" : [
      {
        "date" : 730134740.27154696,
        "title" : "Untitled",
        "transform" : [
          1,
          0,
          0,
          0,
          0,
          0.86602544784545898,
          -0.49999994039535522,
          0,
          0,
          0.49999994039535522,
          0.86602544784545898,
          0,
          0,
          0.18867331743240356,
          0.32679179310798645,
          1
        ]
      }
    ],
    "48DE6F3C-00CD-4583-9BFB-5F05C3B7476E" : [
      {
        "date" : 733278839.96533298,
        "title" : "Untitled",
        "transform" : [
          0.99997824430465698,
          -2.077454874793716e-11,
          0.0065989457070827484,
          0,
          0.0037627501878887415,
          0.82150256633758545,
          -0.57019239664077759,
          0,
          -0.0054210508242249489,
          0.57020473480224609,
          0.82148474454879761,
          0,
          -0.027815587818622589,
          0.82360249757766724,
          -0.27236926555633545,
          1
        ]
      },
      {
        "date" : 733278805.51782501,
        "title" : "Untitled",
        "transform" : [
          0.99997824430465698,
          -2.077454874793716e-11,
          0.0065989457070827484,
          0,
          0.0037627501878887415,
          0.82150256633758545,
          -0.57019239664077759,
          0,
          -0.0054210508242249489,
          0.57020473480224609,
          0.82148474454879761,
          0,
          0.014932745136320591,
          0.80911940336227417,
          -0.26203438639640808,
          1
        ]
      },
      {
        "date" : 733278787.70191395,
        "title" : "Untitled",
        "transform" : [
          0.99997824430465698,
          -2.077454874793716e-11,
          0.0065989457070827484,
          0,
          0.0037627501878887415,
          0.82150256633758545,
          -0.57019239664077759,
          0,
          -0.0054210508242249489,
          0.57020473480224609,
          0.82148474454879761,
          0,
          0.041780263185501099,
          1.6511650085449219,
          1.2213814258575439,
          1
        ]
      },
      {
        "date" : 732002254.28657997,
        "title" : "Untitled",
        "transform" : [
          0.99997824430465698,
          -2.077454874793716e-11,
          0.0065989457070827484,
          0,
          0.0037627501878887415,
          0.82150256633758545,
          -0.57019239664077759,
          0,
          -0.0054210508242249489,
          0.57020473480224609,
          0.82148474454879761,
          0,
          -0.023122072219848633,
          1.3269860744476318,
          1.4459707736968994,
          1
        ]
      },
      {
        "date" : 732002245.38653195,
        "title" : "Untitled",
        "transform" : [
          0.99997824430465698,
          -2.077454874793716e-11,
          0.0065989457070827484,
          0,
          0.0037627501878887415,
          0.82150256633758545,
          -0.57019239664077759,
          0,
          -0.0054210508242249489,
          0.57020473480224609,
          0.82148474454879761,
          0,
          -0.036311279982328415,
          0.37568262219429016,
          0.61203676462173462,
          1
        ]
      },
      {
        "date" : 732002243.68617499,
        "title" : "Untitled",
        "transform" : [
          0.99997824430465698,
          -2.077454874793716e-11,
          0.0065989457070827484,
          0,
          0.0037627501878887415,
          0.82150256633758545,
          -0.57019239664077759,
          0,
          -0.0054210508242249489,
          0.57020473480224609,
          0.82148474454879761,
          0,
          -0.088389068841934204,
          0.91448813676834106,
          1.4898223876953125,
          1
        ]
      },
      {
        "date" : 732002240.10233605,
        "title" : "Untitled",
        "transform" : [
          1,
          0,
          0,
          0,
          0,
          0.86602544784545898,
          -0.49999988079071045,
          0,
          0,
          0.49999988079071045,
          0.86602544784545898,
          0,
          -0.078555881977081299,
          0.78753679990768433,
          1.5611810684204102,
          1
        ]
      },
      {
        "date" : 732002233.20349896,
        "title" : "Untitled",
        "transform" : [
          1,
          0,
          0,
          0,
          0,
          0.86602544784545898,
          -0.49999988079071045,
          0,
          0,
          0.49999988079071045,
          0.86602544784545898,
          0,
          -0.09561484307050705,
          0.01216791570186615,
          1.1452692747116089,
          1
        ]
      },
      {
        "date" : 732002230.85379505,
        "title" : "Untitled",
        "transform" : [
          1,
          0,
          0,
          0,
          0,
          0.86602544784545898,
          -0.49999988079071045,
          0,
          0,
          0.49999988079071045,
          0.86602544784545898,
          0,
          -0.082361698150634766,
          0.088112622499465942,
          1.1014225482940674,
          1
        ]
      }
    ],
    "AF09ED6F-1707-48FD-8720-65B998362C09" : [
      {
        "date" : 730796692.79326105,
        "title" : "Untitled",
        "transform" : [
          0.2356056421995163,
          -0.00029993723728694022,
          0.97184866666793823,
          0,
          0.11803492158651352,
          0.99260580539703369,
          -0.02830890379846096,
          0,
          -0.96465420722961426,
          0.12138160318136215,
          0.23389893770217896,
          0,
          -0.63051128387451172,
          2.0450019836425781,
          0.43061137199401855,
          1
        ]
      },
      {
        "date" : 730705143.13742101,
        "title" : "Untitled",
        "transform" : [
          0.23280194401741028,
          -0.00029993723728694022,
          0.97252410650253296,
          0,
          0.11811607331037521,
          0.99260580539703369,
          -0.027968384325504303,
          0,
          -0.9653247594833374,
          0.12138160318136215,
          0.23111599683761597,
          0,
          -3.0458977222442627,
          2.1772589683532715,
          1.0318892002105713,
          1
        ]
      },
      {
        "date" : 730193656.08056903,
        "title" : "Untitled",
        "transform" : [
          -0.8914024829864502,
          -0.00029994110809639096,
          0.45321241021156311,
          0,
          0.44967061281204224,
          0.1241900697350502,
          0.88451862335205078,
          0,
          -0.056549787521362305,
          0.99225831031799316,
          -0.11056854575872421,
          0,
          -0.045262891799211502,
          2.5119795799255371,
          0.22324520349502563,
          1
        ]
      },
      {
        "date" : 730193557.78660405,
        "title" : "Untitled",
        "transform" : [
          -0.9812312126159668,
          -0.00029993287171237171,
          0.19283398985862732,
          0,
          0.12831462919712067,
          0.74545788764953613,
          0.65408557653427124,
          0,
          -0.14394581317901611,
          0.66655260324478149,
          -0.73142814636230469,
          0,
          -0.10760647803544998,
          2.2774937152862549,
          -0.22206288576126099,
          1
        ]
      },
      {
        "date" : 730193554.59997594,
        "title" : "Untitled",
        "transform" : [
          -0.99703383445739746,
          -0.00029993057250976562,
          0.076963022351264954,
          0,
          0.038592059165239334,
          0.86324179172515869,
          0.50331324338912964,
          0,
          -0.066588655114173889,
          0.50479048490524292,
          -0.86066973209381104,
          0,
          -0.051982823759317398,
          2.1612610816955566,
          -0.31463947892189026,
          1
        ]
      },
      {
        "date" : 730193552.00869703,
        "title" : "Untitled",
        "transform" : [
          -0.99703383445739746,
          -0.00029993057250976562,
          0.076963022351264954,
          0,
          0.038592059165239334,
          0.86324179172515869,
          0.50331324338912964,
          0,
          -0.066588655114173889,
          0.50479048490524292,
          -0.86066973209381104,
          0,
          -0.27844861149787903,
          3.2675669193267822,
          -3.2441267967224121,
          1
        ]
      },
      {
        "date" : 730193550.84613895,
        "title" : "Untitled",
        "transform" : [
          -0.99703383445739746,
          -0.00029993237694725394,
          0.076963022351264954,
          0,
          0.038592059165239334,
          0.86324179172515869,
          0.50331324338912964,
          0,
          -0.066588655114173889,
          0.50479048490524292,
          -0.86066973209381104,
          0,
          -0.4022483229637146,
          3.8723397254943848,
          -4.8455595970153809,
          1
        ]
      },
      {
        "date" : 730193548.95701694,
        "title" : "Untitled",
        "transform" : [
          -0.99703383445739746,
          -0.00029992515919730067,
          0.076963014900684357,
          0,
          0.038570649921894073,
          0.8634040355682373,
          0.5030364990234375,
          0,
          -0.066601060330867767,
          0.50451302528381348,
          -0.86083149909973145,
          0,
          -0.40109765529632568,
          3.8667242527008057,
          -4.8318743705749512,
          1
        ]
      },
      {
        "date" : 730193531.35733604,
        "title" : "Untitled",
        "transform" : [
          -0.99703389406204224,
          -0.00029998066020198166,
          0.076963037252426147,
          0,
          0.031437378376722336,
          0.91117757558822632,
          0.41081270575523376,
          0,
          -0.070250175893306732,
          0.41201359033584595,
          -0.9084656834602356,
          0,
          -0.038807030767202377,
          2.1232433319091797,
          -0.53293687105178833,
          1
        ]
      },
      {
        "date" : 730193482.09931397,
        "title" : "Untitled",
        "transform" : [
          -0.9384465217590332,
          -0.0002999574935529381,
          0.34542453289031982,
          0,
          0.11629804968833923,
          0.94134390354156494,
          0.31677499413490295,
          0,
          -0.3252582848072052,
          0.33744844794273376,
          -0.88336604833602905,
          0,
          -0.27321308851242065,
          2.0549459457397461,
          -0.5137673020362854,
          1
        ]
      }
    ],
    "D66134B1-3681-4A8E-AFE5-29F257229F3B" : [
      {
        "date" : 730133106.69435799,
        "title" : "Untitled",
        "transform" : [
          0.79290646314620972,
          -1.6743761932502821e-09,
          -0.60934346914291382,
          0,
          -0.19486565887928009,
          0.94748634099960327,
          -0.25356835126876831,
          0,
          0.57734453678131104,
          0.31979605555534363,
          0.75126796960830688,
          0,
          0.21824173629283905,
          0.12088597565889359,
          0.28418639302253723,
          1
        ]
      },
      {
        "date" : 730133098.91617405,
        "title" : "Untitled",
        "transform" : [
          1,
          0,
          0,
          0,
          0,
          0.86602544784545898,
          -0.49999988079071045,
          0,
          0,
          0.49999988079071045,
          0.86602544784545898,
          0,
          0,
          0.18900471925735474,
          0.32756578922271729,
          1
        ]
      }
    ]
  },
  "selectedSceneRelativePath" : "block of skin.usda"
}